1.214800000000000146e+01
1.244599999999999973e+01
1.244099999999999895e+01
1.249800000000000111e+01
1.278100000000000058e+01
1.264600000000000080e+01
1.268500000000000050e+01
1.275700000000000145e+01
1.269299999999999962e+01
1.239300000000000068e+01
1.264700000000000024e+01
1.247600000000000087e+01
1.260200000000000031e+01
1.261500000000000021e+01
1.258500000000000085e+01
1.263899999999999935e+01
1.239100000000000179e+01
1.234900000000000020e+01
1.224900000000000055e+01
1.216300000000000026e+01
1.213900000000000112e+01
1.245199999999999996e+01
1.214400000000000013e+01
1.199000000000000021e+01
1.198900000000000077e+01
1.198900000000000077e+01
1.187999999999999901e+01
1.188899999999999935e+01
1.203500000000000014e+01
1.193800000000000061e+01
1.211800000000000033e+01
1.221399999999999864e+01
1.218399999999999928e+01
1.224799999999999933e+01
1.211100000000000065e+01
1.236599999999999966e+01
1.181499999999999950e+01
1.201299999999999990e+01
1.198000000000000043e+01
1.207099999999999973e+01
1.195900000000000141e+01
1.208199999999999896e+01
1.195500000000000007e+01
1.194600000000000151e+01
1.219800000000000040e+01
1.196600000000000108e+01
1.216400000000000148e+01
1.213700000000000045e+01
1.207600000000000051e+01
1.121499999999999986e+01
1.048300000000000054e+01
9.872999999999999332e+00
1.019399999999999906e+01
1.053399999999999892e+01
1.091000000000000014e+01
1.130000000000000071e+01
1.149699999999999989e+01
1.148399999999999999e+01
1.173999999999999844e+01
1.191600000000000037e+01
1.203900000000000148e+01
1.199499999999999922e+01
1.222199999999999953e+01
1.208099999999999952e+01
1.209399999999999942e+01
1.213900000000000112e+01
1.215200000000000102e+01
1.231700000000000017e+01
1.217100000000000115e+01
1.214600000000000080e+01
1.215600000000000058e+01
1.229599999999999937e+01
1.208200000000000074e+01
1.203500000000000014e+01
1.217500000000000071e+01
1.229399999999999871e+01
1.229800000000000004e+01
1.234699999999999953e+01
1.247700000000000031e+01
1.258699999999999974e+01
1.257499999999999929e+01
1.256799999999999962e+01
1.266699999999999982e+01
1.246999999999999886e+01
1.234699999999999953e+01
1.219800000000000040e+01
1.213100000000000023e+01
1.224699999999999989e+01
1.217100000000000115e+01
1.215900000000000070e+01
1.206200000000000117e+01
1.197799999999999976e+01
1.201099999999999923e+01
1.202800000000000047e+01
1.202200000000000024e+01
1.197599999999999909e+01
1.194099999999999895e+01
1.191300000000000026e+01
1.190900000000000070e+01
1.198900000000000077e+01
1.218500000000000050e+01
1.236800000000000033e+01
1.236599999999999966e+01
1.244899999999999984e+01
1.259500000000000064e+01
1.245000000000000107e+01
1.242699999999999960e+01
1.235699999999999932e+01
1.233300000000000018e+01
1.217999999999999972e+01
1.208500000000000085e+01
1.210400000000000098e+01
1.197100000000000009e+01
1.193599999999999994e+01
1.186999999999999922e+01
1.186400000000000077e+01
1.171699999999999875e+01
1.183900000000000041e+01
1.184200000000000053e+01
1.196499999999999986e+01
1.161200000000000010e+01
1.166099999999999959e+01
1.151700000000000124e+01
1.177299999999999969e+01
1.202099999999999902e+01
1.213700000000000045e+01
1.215599999999999881e+01
1.220299999999999940e+01
1.230099999999999838e+01
1.231600000000000072e+01
1.233699999999999974e+01
1.214999999999999858e+01
1.215399999999999991e+01
1.202700000000000102e+01
1.198000000000000043e+01
1.202899999999999991e+01
1.199799999999999933e+01
1.182199999999999918e+01
1.184800000000000075e+01
1.171699999999999875e+01
1.171900000000000119e+01
1.192699999999999960e+01
1.182900000000000063e+01
1.164499999999999957e+01
1.147799999999999976e+01
1.147299999999999898e+01
1.145100000000000051e+01
1.166700000000000159e+01
1.186899999999999977e+01
1.191800000000000104e+01
1.194300000000000139e+01
1.213400000000000034e+01
1.209299999999999997e+01
1.220999999999999908e+01
1.197200000000000131e+01
1.218999999999999950e+01
1.203400000000000070e+01
1.190000000000000036e+01
1.197799999999999976e+01
1.175799999999999912e+01
1.181500000000000128e+01
1.177100000000000080e+01
1.170199999999999996e+01
1.161700000000000088e+01
1.164100000000000001e+01
1.179599999999999937e+01
1.154600000000000115e+01
1.147800000000000153e+01
1.145800000000000018e+01
1.132099999999999973e+01
1.137000000000000099e+01
1.149000000000000021e+01
1.169600000000000151e+01
1.178500000000000014e+01
1.188799999999999990e+01
1.197700000000000031e+01
1.196399999999999864e+01
1.196999999999999886e+01
1.189799999999999969e+01
1.187899999999999956e+01
1.192600000000000016e+01
1.191000000000000014e+01
1.197100000000000009e+01
1.187599999999999945e+01
1.180699999999999861e+01
1.171099999999999852e+01
1.183399999999999963e+01
1.174299999999999855e+01
1.165399999999999991e+01
1.169399999999999906e+01
1.163499999999999979e+01
1.180700000000000038e+01
1.159199999999999875e+01
1.131500000000000128e+01
1.135599999999999987e+01
1.141000000000000014e+01
1.175799999999999912e+01
1.154500000000000171e+01
1.174300000000000033e+01
1.179999999999999893e+01
1.185999999999999943e+01
1.201800000000000068e+01
1.188899999999999935e+01
1.189499999999999957e+01
1.188199999999999967e+01
1.188800000000000168e+01
1.176299999999999812e+01
1.182000000000000028e+01
1.173300000000000054e+01
1.182799999999999940e+01
1.200999999999999979e+01
1.175899999999999856e+01
1.175399999999999956e+01
1.170599999999999952e+01
1.153800000000000026e+01
1.156200000000000117e+01
1.148899999999999899e+01
1.144299999999999962e+01
1.147600000000000087e+01
1.136999999999999922e+01
1.156499999999999950e+01
1.165099999999999980e+01
1.164100000000000001e+01
1.171299999999999919e+01
1.198799999999999955e+01
1.179499999999999993e+01
1.166199999999999903e+01
1.190300000000000047e+01
1.170699999999999896e+01
1.150900000000000034e+01
1.102700000000000102e+01
1.121300000000000097e+01
1.136299999999999955e+01
1.169500000000000028e+01
1.171300000000000097e+01
1.185299999999999976e+01
1.185999999999999943e+01
1.171499999999999986e+01
1.159500000000000064e+01
1.171199999999999974e+01
1.181200000000000117e+01
1.171100000000000030e+01
1.182699999999999996e+01
1.177500000000000036e+01
1.191700000000000159e+01
1.196000000000000085e+01
1.191300000000000026e+01
1.192300000000000004e+01
1.203399999999999892e+01
1.210099999999999909e+01
1.190700000000000003e+01
1.175900000000000034e+01
1.175900000000000034e+01
1.190600000000000058e+01
1.187399999999999878e+01
1.179800000000000004e+01
1.199699999999999989e+01
1.194999999999999929e+01
1.202599999999999980e+01
1.194899999999999984e+01
1.203200000000000003e+01
1.182099999999999973e+01
1.197499999999999964e+01
1.180000000000000071e+01
1.190700000000000003e+01
1.182300000000000040e+01
1.187000000000000099e+01
1.186100000000000065e+01
1.193100000000000094e+01
1.207699999999999996e+01
1.211599999999999966e+01
1.196699999999999875e+01
1.209299999999999997e+01
1.207499999999999929e+01
1.205999999999999872e+01
1.200700000000000145e+01
1.207399999999999984e+01
1.202100000000000080e+01
1.210399999999999920e+01
1.205900000000000105e+01
1.205499999999999972e+01
1.204899999999999949e+01
1.214900000000000091e+01
1.214199999999999946e+01
1.176200000000000045e+01
1.216199999999999903e+01
1.210699999999999932e+01
1.207600000000000051e+01
1.222100000000000009e+01
1.202899999999999991e+01
1.194099999999999895e+01
1.217699999999999960e+01
1.220700000000000074e+01
1.227800000000000047e+01
1.227199999999999847e+01
1.232400000000000162e+01
1.245899999999999963e+01
1.255799999999999983e+01
1.241300000000000026e+01
1.235000000000000142e+01
1.239900000000000091e+01
1.251199999999999868e+01
1.239300000000000068e+01
1.260599999999999987e+01
1.261400000000000077e+01
1.253300000000000125e+01
1.258000000000000007e+01
1.259999999999999964e+01
1.266100000000000136e+01
1.260800000000000054e+01
1.278400000000000070e+01
1.263499999999999979e+01
1.250000000000000000e+01
1.232400000000000162e+01
1.252500000000000036e+01
1.267900000000000027e+01
1.283900000000000041e+01
1.293399999999999928e+01
1.300499999999999901e+01
1.296100000000000030e+01
1.307000000000000028e+01
1.307399999999999984e+01
1.301099999999999923e+01
1.306300000000000061e+01
1.295700000000000074e+01
1.303200000000000003e+01
1.296700000000000053e+01
1.295899999999999963e+01
1.288599999999999923e+01
1.316699999999999804e+01
1.292900000000000027e+01
1.292099999999999937e+01
1.305099999999999838e+01
1.299099999999999966e+01
1.301399999999999935e+01
1.272900000000000098e+01
1.293199999999999861e+01
1.258500000000000085e+01
1.267999999999999972e+01
1.277800000000000047e+01
1.292399999999999949e+01
1.302399999999999913e+01
1.323900000000000077e+01
1.302999999999999936e+01
1.295400000000000063e+01
1.299500000000000099e+01
1.289199999999999946e+01
1.292299999999999827e+01
1.300900000000000034e+01
1.298199999999999932e+01
1.300999999999999979e+01
1.307700000000000173e+01
1.308300000000000018e+01
1.301900000000000013e+01
1.298799999999999955e+01
1.296300000000000097e+01
1.293099999999999916e+01
1.285500000000000043e+01
1.292900000000000027e+01
1.301500000000000057e+01
1.280999999999999872e+01
1.289300000000000068e+01
1.291100000000000136e+01
1.291399999999999970e+01
1.290799999999999947e+01
1.289799999999999969e+01
1.308800000000000097e+01
1.333399999999999963e+01
1.309700000000000131e+01
1.299699999999999989e+01
1.301299999999999812e+01
1.306000000000000050e+01
1.312000000000000099e+01
1.298300000000000054e+01
1.308100000000000129e+01
1.293900000000000006e+01
1.296600000000000108e+01
1.343299999999999983e+01
1.303700000000000081e+01
1.278200000000000003e+01
1.294699999999999918e+01
1.292699999999999960e+01
1.303700000000000081e+01
1.327200000000000024e+01
1.318299999999999983e+01
1.309900000000000020e+01
1.310399999999999920e+01
1.341099999999999959e+01
1.313100000000000023e+01
1.324100000000000144e+01
1.322899999999999920e+01
1.321499999999999986e+01
1.315500000000000114e+01
1.321999999999999886e+01
1.313699999999999868e+01
1.307800000000000118e+01
1.317200000000000060e+01
1.319500000000000028e+01
1.321000000000000085e+01
1.312299999999999933e+01
1.312400000000000055e+01
1.322400000000000020e+01
1.311100000000000065e+01
1.315600000000000058e+01
1.316900000000000048e+01
1.308600000000000030e+01
1.306899999999999906e+01
1.297899999999999920e+01
1.299699999999999989e+01
1.299600000000000044e+01
1.297599999999999909e+01
1.291000000000000014e+01
1.306400000000000006e+01
1.331700000000000017e+01
1.314499999999999957e+01
1.330000000000000071e+01
1.316399999999999970e+01
1.322299999999999898e+01
1.331700000000000017e+01
1.310100000000000087e+01
1.322299999999999898e+01
1.302599999999999980e+01
1.307200000000000095e+01
1.298300000000000054e+01
1.300999999999999979e+01
1.289100000000000001e+01
1.296899999999999942e+01
1.294099999999999895e+01
1.301599999999999824e+01
1.326400000000000112e+01
1.302199999999999847e+01
1.287000000000000099e+01
1.306400000000000006e+01
1.298000000000000043e+01
1.324799999999999933e+01
1.315399999999999991e+01
1.324200000000000088e+01
1.327200000000000024e+01
1.339400000000000190e+01
1.337100000000000044e+01
1.298900000000000077e+01
1.274699999999999989e+01
1.265299999999999869e+01
1.246000000000000085e+01
1.235999999999999943e+01
1.229499999999999993e+01
1.211500000000000021e+01
1.232200000000000095e+01
1.208599999999999852e+01
1.201999999999999957e+01
1.230900000000000105e+01
1.220999999999999908e+01
1.195899999999999963e+01
1.197600000000000087e+01
1.197700000000000031e+01
1.197799999999999976e+01
1.190899999999999892e+01
1.210699999999999932e+01
1.174599999999999866e+01
1.188799999999999990e+01
1.195800000000000018e+01
1.196400000000000041e+01
1.208999999999999986e+01
1.206400000000000006e+01
1.210800000000000054e+01
1.196600000000000108e+01
1.200000000000000000e+01
1.200699999999999967e+01
1.198099999999999987e+01
1.203500000000000014e+01
1.207799999999999940e+01
1.198399999999999999e+01
1.199200000000000088e+01
1.196799999999999997e+01
1.203600000000000136e+01
1.209200000000000053e+01
1.207600000000000051e+01
1.205500000000000149e+01
1.235299999999999976e+01
1.208000000000000007e+01
1.210200000000000031e+01
1.228600000000000136e+01
1.202800000000000047e+01
1.237999999999999901e+01
1.241300000000000026e+01
1.260399999999999920e+01
1.251999999999999957e+01
1.247799999999999976e+01
1.248799999999999955e+01
1.255199999999999960e+01
1.248799999999999955e+01
1.261899999999999977e+01
1.262900000000000134e+01
1.254200000000000159e+01
1.258000000000000007e+01
1.249699999999999989e+01
1.253300000000000125e+01
1.255199999999999960e+01
1.252200000000000024e+01
1.266600000000000037e+01
1.512999999999999901e+00
1.866999999999999993e+00
1.698999999999999844e+00
1.785000000000000142e+00
1.891999999999999904e+00
1.841000000000000192e+00
1.814999999999999947e+00
1.923000000000000043e+00
1.862000000000000099e+00
1.905000000000000027e+00
1.907999999999999918e+00
1.796000000000000041e+00
1.858000000000000096e+00
1.949999999999999956e+00
1.903000000000000025e+00
1.923000000000000043e+00
1.965999999999999970e+00
1.878000000000000114e+00
1.940999999999999837e+00
1.871999999999999886e+00
1.923999999999999932e+00
1.999000000000000110e+00
1.996999999999999886e+00
1.889000000000000012e+00
1.955999999999999961e+00
1.989999999999999769e+00
1.921000000000000041e+00
1.932999999999999829e+00
1.871999999999999886e+00
2.139000000000000234e+00
2.012000000000000011e+00
2.137000000000000011e+00
2.064999999999999947e+00
2.116999999999999993e+00
2.101999999999999869e+00
2.021999999999999797e+00
2.184000000000000163e+00
2.056000000000000050e+00
2.015000000000000124e+00
2.088999999999999968e+00
2.112999999999999989e+00
2.139999999999999680e+00
2.065999999999999837e+00
2.172000000000000153e+00
2.306999999999999940e+00
2.243999999999999773e+00
2.169999999999999929e+00
2.388999999999999790e+00
1.965999999999999748e+00
1.488000000000000211e+00
5.190000000000000169e-01
3.599999999999999867e-01
9.439999999999999503e-01
1.580999999999999961e+00
1.843999999999999861e+00
2.068000000000000060e+00
2.403999999999999915e+00
2.583000000000000185e+00
2.717999999999999972e+00
2.842999999999999972e+00
2.944999999999999840e+00
3.036000000000000032e+00
3.115999999999999659e+00
3.129000000000000004e+00
3.241000000000000103e+00
3.266000000000000014e+00
3.382000000000000117e+00
3.237999999999999989e+00
3.389000000000000234e+00
3.427000000000000046e+00
3.473999999999999755e+00
3.427000000000000046e+00
3.552000000000000046e+00
3.553999999999999826e+00
3.637999999999999901e+00
3.588000000000000078e+00
3.621999999999999886e+00
3.861000000000000210e+00
3.665000000000000036e+00
3.715999999999999748e+00
3.820999999999999730e+00
3.846999999999999975e+00
3.810000000000000053e+00
3.786999999999999922e+00
3.731000000000000316e+00
3.746999999999999886e+00
3.803999999999999826e+00
3.811999999999999833e+00
3.831999999999999851e+00
3.867999999999999883e+00
3.833000000000000185e+00
3.870999999999999996e+00
3.856999999999999762e+00
3.854999999999999982e+00
3.948000000000000398e+00
3.895000000000000018e+00
3.859999999999999876e+00
3.871999999999999886e+00
3.858000000000000096e+00
4.051999999999999602e+00
4.073999999999999844e+00
4.105000000000000426e+00
4.036999999999999922e+00
4.024000000000000021e+00
4.054000000000000270e+00
3.980999999999999872e+00
3.963999999999999524e+00
3.964000000000000412e+00
4.011000000000000121e+00
3.967999999999999972e+00
4.006000000000000227e+00
4.014999999999999680e+00
4.004999999999999893e+00
4.030999999999999694e+00
3.939999999999999947e+00
3.925000000000000266e+00
3.970000000000000195e+00
3.959999999999999964e+00
3.871999999999999886e+00
4.137999999999999901e+00
3.974999999999999645e+00
4.004999999999999893e+00
4.011000000000000121e+00
4.016000000000000014e+00
4.201999999999999957e+00
4.149000000000000021e+00
4.190000000000000391e+00
4.137999999999999901e+00
4.081999999999999851e+00
4.161000000000000476e+00
4.131999999999999673e+00
4.104000000000000092e+00
4.094000000000000306e+00
4.129000000000000448e+00
4.100999999999999979e+00
4.142000000000000348e+00
4.144999999999999574e+00
4.092999999999999972e+00
4.096999999999999531e+00
4.125000000000000000e+00
4.137000000000000455e+00
4.095000000000000639e+00
4.084999999999999964e+00
4.174000000000000377e+00
4.065000000000000391e+00
4.091000000000000192e+00
4.115000000000000213e+00
4.118000000000000327e+00
4.274000000000000021e+00
4.235999999999999766e+00
4.217999999999999972e+00
4.227000000000000313e+00
4.219999999999999751e+00
4.272999999999999687e+00
4.222999999999999865e+00
4.246000000000000441e+00
4.229000000000000092e+00
4.205999999999999517e+00
4.280999999999999694e+00
4.316000000000000725e+00
4.224999999999999645e+00
4.253000000000000114e+00
4.209999999999999964e+00
4.158999999999999808e+00
4.232000000000000206e+00
4.262999999999999901e+00
4.229000000000000092e+00
4.161999999999999922e+00
4.140000000000000568e+00
4.159000000000000696e+00
4.134999999999999787e+00
4.205000000000000071e+00
4.142999999999999794e+00
4.227000000000000313e+00
4.302999999999999936e+00
4.357999999999999652e+00
4.296999999999999709e+00
4.247999999999999332e+00
4.222999999999999865e+00
4.204000000000000625e+00
4.227999999999999758e+00
4.213000000000000078e+00
4.256000000000000227e+00
4.249000000000000554e+00
4.272999999999999687e+00
4.266999999999999460e+00
4.265000000000000568e+00
4.288000000000000256e+00
4.341999999999999638e+00
4.352999999999999758e+00
4.317000000000000171e+00
4.233999999999999986e+00
4.285999999999999588e+00
4.155000000000000249e+00
4.166999999999999815e+00
4.189000000000000057e+00
4.112000000000000099e+00
4.336999999999999744e+00
4.350999999999999979e+00
4.318999999999999950e+00
4.331999999999999851e+00
4.395999999999999908e+00
4.301000000000000156e+00
4.346999999999999531e+00
4.314999999999999503e+00
4.368999999999999773e+00
4.256999999999999673e+00
4.272000000000000242e+00
4.363000000000000433e+00
4.327999999999999403e+00
4.299999999999999822e+00
4.282000000000000028e+00
4.349999999999999645e+00
4.264999999999999680e+00
4.254999999999999893e+00
4.278999999999999915e+00
4.225999999999999979e+00
4.243000000000000327e+00
4.258000000000000007e+00
4.285999999999999588e+00
4.192000000000000171e+00
4.256999999999999673e+00
4.361000000000000654e+00
4.342999999999999972e+00
4.362999999999999545e+00
4.359999999999999432e+00
4.357000000000000206e+00
4.346999999999999531e+00
4.362999999999999545e+00
3.580000000000000071e+00
3.842999999999999972e+00
4.147999999999999687e+00
4.352999999999999758e+00
4.384000000000000341e+00
4.458999999999999631e+00
4.483999999999999986e+00
4.533999999999999808e+00
4.581999999999999851e+00
4.613999999999999879e+00
4.676000000000000156e+00
4.746000000000000441e+00
4.820999999999999730e+00
4.864000000000000767e+00
4.860000000000000320e+00
4.913000000000000256e+00
5.062000000000000277e+00
4.963000000000000078e+00
5.060000000000000497e+00
5.119999999999999218e+00
5.012000000000000455e+00
5.136000000000000121e+00
5.070000000000000284e+00
5.137000000000000455e+00
5.165000000000000036e+00
5.142999999999999794e+00
5.102000000000000313e+00
5.121999999999999886e+00
5.163999999999999702e+00
5.191000000000000725e+00
5.136000000000000121e+00
5.201999999999999957e+00
5.184000000000000163e+00
5.165000000000000036e+00
5.112000000000000099e+00
5.152999999999999581e+00
5.229000000000000092e+00
5.192999999999999616e+00
5.264999999999999680e+00
5.198999999999999844e+00
5.391999999999999460e+00
5.301999999999999602e+00
5.323000000000000398e+00
5.222999999999999865e+00
5.134999999999999787e+00
5.075000000000000178e+00
4.993000000000000327e+00
5.068999999999999950e+00
5.080999999999999517e+00
4.967999999999999972e+00
4.963999999999999524e+00
5.068999999999999950e+00
5.108999999999999986e+00
5.009999999999999787e+00
4.996000000000000441e+00
4.947000000000000064e+00
5.080000000000000071e+00
4.980000000000000426e+00
4.907999999999999474e+00
4.807999999999999829e+00
4.900999999999999801e+00
4.884999999999999787e+00
4.905000000000000249e+00
5.003000000000000114e+00
5.118000000000000327e+00
5.024000000000000021e+00
4.915000000000000036e+00
4.996999999999999886e+00
5.044999999999999929e+00
5.049999999999999822e+00
5.027000000000000135e+00
4.974000000000000199e+00
4.868999999999999773e+00
5.094999999999999751e+00
4.952999999999999403e+00
4.955000000000000071e+00
4.913000000000000256e+00
4.963999999999999524e+00
4.881000000000000227e+00
4.926000000000000156e+00
4.956999999999999851e+00
5.008000000000000007e+00
4.958000000000000185e+00
5.017999999999999794e+00
4.871999999999999886e+00
5.014999999999999680e+00
5.084999999999999964e+00
5.063000000000000611e+00
5.137000000000000455e+00
5.156000000000000583e+00
5.121999999999999886e+00
5.083999999999999631e+00
5.043000000000000149e+00
5.136000000000000121e+00
5.121999999999999886e+00
5.051999999999999602e+00
5.089999999999999858e+00
5.137999999999999901e+00
5.049999999999999822e+00
4.995000000000000107e+00
5.026999999999999247e+00
5.001000000000000334e+00
5.006000000000000227e+00
5.057999999999999829e+00
4.887999999999999901e+00
4.897000000000000242e+00
4.873999999999999666e+00
4.779999999999999361e+00
4.794999999999999929e+00
4.852999999999999758e+00
4.980000000000000426e+00
5.033999999999999808e+00
5.045999999999999375e+00
5.076999999999999957e+00
5.083999999999999631e+00
5.099999999999999645e+00
5.030999999999999694e+00
4.979000000000000092e+00
5.054999999999999716e+00
5.051999999999999602e+00
5.009999999999999787e+00
5.067000000000000171e+00
5.036999999999999922e+00
5.051000000000000156e+00
5.003000000000000114e+00
4.940999999999999837e+00
5.022999999999999687e+00
5.028000000000000469e+00
5.006999999999999673e+00
5.062000000000000277e+00
5.038999999999999702e+00
4.879999999999999893e+00
4.934000000000000163e+00
4.959999999999999964e+00
4.974000000000000199e+00
4.991999999999999993e+00
5.099999999999999645e+00
5.035999999999999588e+00
5.022000000000000242e+00
5.126000000000000334e+00
5.158999999999999808e+00
5.100999999999999979e+00
5.131999999999999673e+00
5.092999999999999972e+00
5.035000000000000142e+00
5.076999999999999957e+00
4.995000000000000107e+00
5.006999999999999673e+00
5.016000000000000014e+00
5.040000000000000036e+00
5.017999999999999794e+00
5.145000000000000462e+00
4.991999999999999993e+00
5.035000000000000142e+00
5.024000000000000021e+00
4.966000000000000192e+00
4.951999999999999957e+00
4.929000000000000270e+00
5.048999999999999488e+00
5.095000000000000639e+00
5.147999999999999687e+00
5.155999999999999694e+00
5.137000000000000455e+00
5.059999999999999609e+00
5.142999999999999794e+00
5.165000000000000036e+00
5.123999999999999666e+00
5.185000000000000497e+00
5.131999999999999673e+00
5.176000000000000156e+00
5.174999999999999822e+00
5.163000000000000256e+00
5.121999999999999886e+00
5.206999999999999851e+00
5.163000000000000256e+00
5.248000000000000220e+00
5.201000000000000512e+00
5.088999999999999524e+00
5.046000000000000263e+00
5.025999999999999801e+00
5.019999999999999574e+00
5.003000000000000114e+00
5.043999999999999595e+00
5.033999999999999808e+00
5.088000000000000078e+00
5.081999999999999851e+00
5.187000000000000277e+00
5.168000000000000149e+00
5.096999999999999531e+00
5.147000000000000242e+00
5.125000000000000000e+00
5.086999999999999744e+00
5.051999999999999602e+00
5.064999999999999503e+00
5.044999999999999929e+00
5.076000000000000512e+00
5.048000000000000043e+00
5.024000000000000021e+00
5.001000000000000334e+00
5.022000000000000242e+00
5.017000000000000348e+00
5.230000000000000426e+00
5.129999999999999893e+00
5.038000000000000256e+00
5.158999999999999808e+00
5.200999999999999623e+00
5.088999999999999524e+00
5.197000000000000064e+00
5.165000000000000036e+00
5.070000000000000284e+00
5.144999999999999574e+00
5.019000000000000128e+00
5.073999999999999844e+00
4.941999999999999282e+00
4.879999999999999893e+00
4.786000000000000476e+00
4.766000000000000014e+00
4.758000000000000007e+00
4.697000000000000064e+00
4.729999999999999538e+00
4.692999999999999616e+00
4.618999999999999773e+00
4.610999999999999766e+00
4.681999999999999496e+00
4.650000000000000355e+00
4.594000000000000306e+00
4.618000000000000327e+00
4.570999999999999730e+00
4.576999999999999957e+00
4.447000000000000064e+00
4.551999999999999602e+00
4.548000000000000043e+00
4.583000000000000185e+00
4.568999999999999950e+00
4.540000000000000036e+00
4.527999999999999581e+00
4.508999999999999453e+00
4.429000000000000270e+00
4.390000000000000568e+00
4.376000000000000334e+00
4.407000000000000028e+00
4.452999999999999403e+00
4.360000000000000320e+00
4.402000000000000135e+00
4.383000000000000007e+00
4.418000000000000149e+00
4.370000000000000107e+00
4.391999999999999460e+00
4.365000000000000213e+00
4.419999999999999929e+00
4.229000000000000092e+00
4.373999999999999666e+00
4.453000000000000291e+00
4.498000000000000220e+00
4.525999999999999801e+00
4.701999999999999957e+00
4.740999999999999659e+00
4.836999999999999744e+00
4.818000000000000504e+00
4.850999999999999979e+00
4.818999999999999950e+00
4.852000000000000313e+00
4.822000000000000064e+00
4.875999999999999446e+00
4.900999999999999801e+00
4.921999999999999709e+00
4.826999999999999957e+00
4.815999999999999837e+00
4.828999999999999737e+00
4.825999999999999623e+00
4.861000000000000654e+00
6.800000000000006040e-02
1.179999999999999938e-01
2.399999999999991029e-02
2.820000000000000284e-01
3.459999999999999742e-01
3.500000000000000888e-01
3.780000000000000027e-01
4.049999999999999156e-01
4.310000000000000497e-01
3.900000000000000133e-01
4.310000000000000497e-01
4.150000000000000355e-01
5.090000000000001190e-01
4.950000000000000511e-01
5.410000000000000364e-01
4.839999999999999858e-01
4.690000000000000280e-01
5.820000000000000728e-01
5.649999999999999467e-01
5.869999999999999662e-01
6.009999999999999787e-01
6.670000000000000373e-01
3.619999999999999885e-01
6.109999999999999876e-01
6.510000000000000231e-01
5.619999999999998330e-01
6.300000000000000044e-01
6.479999999999999094e-01
7.429999999999999938e-01
5.230000000000000204e-01
7.769999999999999130e-01
8.159999999999999476e-01
8.759999999999998899e-01
8.089999999999999414e-01
8.180000000000000604e-01
8.459999999999998632e-01
8.810000000000000053e-01
8.559999999999999831e-01
8.140000000000000568e-01
8.830000000000000071e-01
8.930000000000000160e-01
9.389999999999999458e-01
9.280000000000000471e-01
9.250000000000000444e-01
9.619999999999999662e-01
-1.180000000000001048e-01
-2.049000000000000377e+00
-3.088000000000000078e+00
-4.356999999999999318e+00
-7.224999999999999645e+00
-8.787000000000000810e+00
-9.666999999999999815e+00
-8.685999999999999943e+00
-7.856000000000000760e+00
-7.380000000000000782e+00
-7.050000000000000711e+00
-6.873000000000001108e+00
-6.725999999999999091e+00
-6.540000000000000036e+00
-6.424000000000000377e+00
-6.311000000000000831e+00
-6.195000000000000284e+00
-6.088000000000000966e+00
-6.089000000000000412e+00
-5.975999999999999091e+00
-5.881000000000000227e+00
-5.847999999999999865e+00
-5.912999999999999368e+00
-5.728999999999999204e+00
-5.693999999999999062e+00
-5.653999999999999915e+00
-5.604000000000000981e+00
-5.608000000000000540e+00
-5.684999999999999609e+00
-5.554999999999999716e+00
-5.486000000000000654e+00
-5.442000000000000171e+00
-5.352999999999999758e+00
-5.343000000000000860e+00
-5.323000000000000398e+00
-5.245000000000000995e+00
-5.192000000000000171e+00
-5.182999999999999829e+00
-5.180000000000001492e+00
-5.153000000000000469e+00
-5.102000000000000313e+00
-5.108999999999999986e+00
-5.142999999999998906e+00
-5.009000000000000341e+00
-5.041000000000000369e+00
-5.097999999999998977e+00
-5.032000000000000028e+00
-4.998999999999999666e+00
-4.881999999999999673e+00
-4.917999999999999261e+00
-5.043999999999999595e+00
-4.889000000000001123e+00
-4.887000000000000455e+00
-5.000999999999999446e+00
-4.980999999999999872e+00
-4.824999999999999289e+00
-4.762000000000000455e+00
-4.733999999999999986e+00
-4.761000000000001009e+00
-4.644999999999999574e+00
-4.699999999999999289e+00
-4.683000000000000718e+00
-4.992999999999999439e+00
-4.737000000000000099e+00
-4.740000000000000213e+00
-4.745000000000000107e+00
-4.675000000000000711e+00
-4.549999999999999822e+00
-4.560000000000000497e+00
-4.563000000000000611e+00
-4.540000000000000036e+00
-4.578999999999999737e+00
-4.503000000000000114e+00
-4.440000000000000391e+00
-4.501000000000000334e+00
-4.553000000000000824e+00
-4.513999999999999346e+00
-4.407999999999999474e+00
-4.461000000000000298e+00
-4.486000000000000654e+00
-4.403999999999999915e+00
-4.274000000000000021e+00
-4.275999999999999801e+00
-4.267999999999999794e+00
-4.248000000000000220e+00
-4.220000000000000639e+00
-4.229000000000000981e+00
-4.173000000000000043e+00
-4.201999999999999957e+00
-4.150999999999999801e+00
-4.103999999999999204e+00
-4.107000000000000206e+00
-4.099000000000000199e+00
-4.035000000000000142e+00
-4.193000000000000504e+00
-4.022000000000000242e+00
-4.045999999999999375e+00
-4.152000000000000135e+00
-4.000000000000000000e+00
-4.025999999999999801e+00
-4.044999999999999929e+00
-3.967999999999999527e+00
-3.940000000000000391e+00
-3.807999999999999829e+00
-3.808999999999999719e+00
-3.794999999999999929e+00
-3.763000000000000345e+00
-3.774999999999999911e+00
-3.717000000000000082e+00
-3.764000000000000234e+00
-3.693999999999999950e+00
-3.717000000000000082e+00
-3.699999999999999734e+00
-3.657000000000000028e+00
-3.718999999999999861e+00
-3.640999999999999570e+00
-3.641000000000000014e+00
-3.694999999999999840e+00
-3.634999999999999787e+00
-3.651000000000000245e+00
-3.604999999999999982e+00
-3.593000000000000416e+00
-3.594999999999999751e+00
-3.616999999999999549e+00
-3.613999999999999435e+00
-3.582999999999999741e+00
-3.502000000000000224e+00
-3.461000000000000298e+00
-3.471000000000000085e+00
-3.459000000000000075e+00
-3.399000000000000021e+00
-3.388999999999999790e+00
-3.427000000000000046e+00
-3.375000000000000444e+00
-3.366999999999999549e+00
-3.354999999999999982e+00
-3.292000000000000259e+00
-3.389000000000000234e+00
-3.297999999999999599e+00
-3.370000000000000107e+00
-3.320000000000000284e+00
-3.264000000000000234e+00
-3.267000000000000348e+00
-3.250000000000000444e+00
-3.201000000000000068e+00
-3.222999999999999865e+00
-3.305000000000000160e+00
-3.225999999999999979e+00
-3.233000000000000096e+00
-3.238999999999999879e+00
-3.210999999999999854e+00
-3.161000000000000476e+00
-3.128999999999999559e+00
-3.099999999999999645e+00
-3.053999999999999826e+00
-3.124000000000000110e+00
-3.071000000000000174e+00
-3.114000000000000323e+00
-3.015000000000000124e+00
-3.112000000000000544e+00
-3.089999999999999858e+00
-3.087000000000000632e+00
-3.088999999999999968e+00
-3.088000000000000078e+00
-3.043000000000000149e+00
-3.024000000000000465e+00
-3.058000000000000274e+00
-3.016000000000000458e+00
-3.025999999999999801e+00
-3.079000000000000181e+00
-3.041999999999999815e+00
-3.040999999999999925e+00
-3.022999999999999687e+00
-2.959000000000000075e+00
-3.095999999999999641e+00
-2.972000000000000419e+00
-3.030000000000000249e+00
-3.010999999999999677e+00
-3.200999999999999623e+00
-3.006000000000000227e+00
-2.969000000000000306e+00
-2.997999999999999776e+00
-2.951999999999999957e+00
-2.861999999999999655e+00
-6.441000000000000725e+00
-6.878000000000000114e+00
-6.672000000000000597e+00
-6.518000000000000682e+00
-6.795999999999999375e+00
-6.393999999999999240e+00
-6.216999999999999638e+00
-6.246999999999999886e+00
-6.147000000000000242e+00
-6.092999999999999972e+00
-6.128000000000001002e+00
-6.073000000000000398e+00
-6.031999999999999140e+00
-5.946999999999999176e+00
-6.051000000000000156e+00
-5.902000000000000135e+00
-5.843000000000000860e+00
-5.850999999999999091e+00
-5.829999999999999183e+00
-5.822000000000000064e+00
-5.815999999999999837e+00
-5.815999999999998948e+00
-5.865999999999999659e+00
-5.858999999999999986e+00
-5.830999999999999517e+00
-5.801000000000000156e+00
-5.839000000000000412e+00
-6.045000000000000817e+00
-5.723999999999999311e+00
-5.801000000000000156e+00
-5.777999999999999581e+00
-5.813000000000000611e+00
-5.737999999999999545e+00
-5.721000000000000085e+00
-5.721999999999999531e+00
-5.772999999999999687e+00
-5.764999999999998792e+00
-5.760000000000000675e+00
-5.677999999999999936e+00
-5.708999999999999631e+00
-5.748000000000000220e+00
-5.678000000000000824e+00
-5.683000000000000718e+00
-5.678000000000000824e+00
-5.692000000000000171e+00
-5.711000000000000298e+00
-5.697999999999999510e+00
-5.654000000000000803e+00
-5.706000000000000405e+00
-5.738999999999999879e+00
-5.711000000000000298e+00
-5.671999999999999709e+00
-5.654999999999999361e+00
-5.630999999999999339e+00
-5.637999999999999012e+00
-5.682999999999999829e+00
-5.575000000000000178e+00
-5.733000000000000540e+00
-5.814000000000000945e+00
-5.638999999999999346e+00
-5.631000000000000227e+00
-5.679000000000000270e+00
-5.592999999999999972e+00
-5.552999999999999048e+00
-5.491999999999999105e+00
-5.558000000000000718e+00
-5.505999999999999339e+00
-5.481000000000000760e+00
-5.431999999999999496e+00
-5.446999999999999176e+00
-5.309999999999999609e+00
-5.611000000000000654e+00
-5.477999999999999758e+00
-5.446999999999999176e+00
-5.413999999999999702e+00
-5.455999999999999517e+00
-5.476999999999998536e+00
-5.410000000000000142e+00
-5.600000000000001421e+00
-5.379000000000000448e+00
-5.671999999999999709e+00
-5.256000000000000227e+00
-5.435000000000000497e+00
-5.389999999999998792e+00
-5.425999999999999268e+00
-5.435000000000000497e+00
-5.501000000000001222e+00
-5.261000000000001009e+00
-5.086000000000000298e+00
-5.094999999999999751e+00
-5.079000000000000625e+00
-5.179999999999999716e+00
-5.115999999999999659e+00
-5.108999999999999986e+00
-4.876999999999998892e+00
-4.972999999999999865e+00
-4.897999999999999687e+00
-4.962999999999999190e+00
-4.980999999999999872e+00
-4.984000000000000874e+00
-4.982999999999999652e+00
-4.990999999999999659e+00
-5.099000000000000199e+00
-5.258999999999999453e+00
-5.179000000000000270e+00
-5.156000000000000583e+00
-5.230999999999999872e+00
-5.268000000000000682e+00
-5.574999999999999289e+00
-5.210000000000000853e+00
-5.092000000000000526e+00
-4.965999999999999304e+00
-4.865999999999999659e+00
-4.940999999999999837e+00
-4.880000000000000782e+00
-4.926000000000000156e+00
-4.935000000000000497e+00
-4.998000000000000220e+00
-4.886999999999999567e+00
-4.931000000000000938e+00
-4.948000000000000398e+00
-4.849999999999999645e+00
-4.812999999999999723e+00
-4.807000000000000384e+00
-4.801000000000000156e+00
-4.841999999999999638e+00
-4.916999999999999815e+00
-4.969000000000001194e+00
-4.995000000000000995e+00
-5.141000000000000014e+00
-5.174999999999998934e+00
-5.190000000000001279e+00
-5.177000000000000490e+00
-5.158999999999999808e+00
-5.145999999999999019e+00
-5.201999999999999957e+00
-5.041999999999999815e+00
-4.982000000000000206e+00
-4.976000000000000867e+00
-4.992999999999998550e+00
-4.923000000000000043e+00
-4.886999999999999567e+00
-4.899999999999998579e+00
-4.849999999999999645e+00
-4.767000000000000348e+00
-4.759000000000000341e+00
-4.770999999999999019e+00
-4.744000000000000661e+00
-4.586999999999999744e+00
-4.682999999999999829e+00
-4.667999999999999261e+00
-4.623000000000000220e+00
-4.632999999999999119e+00
-4.792999999999999261e+00
-4.778000000000000469e+00
-4.767000000000000348e+00
-4.780999999999999694e+00
-4.716000000000000192e+00
-4.689000000000000057e+00
-4.619000000000000661e+00
-4.508999999999998565e+00
-4.401000000000000689e+00
-4.394999999999999574e+00
-4.385000000000000675e+00
-4.330000000000000071e+00
-4.333000000000000185e+00
-4.288000000000000256e+00
-4.288000000000000256e+00
-4.233000000000000540e+00
-4.201000000000000512e+00
-4.264000000000000234e+00
-4.305999999999999162e+00
-4.293000000000000149e+00
-4.200999999999999623e+00
-4.195999999999999730e+00
-4.144000000000000128e+00
-4.133000000000000007e+00
-4.246000000000000441e+00
-4.266000000000000014e+00
-4.249000000000000554e+00
-4.262999999999999901e+00
-4.217999999999999972e+00
-4.282000000000000028e+00
-4.259000000000000341e+00
-4.221000000000000085e+00
-4.264000000000000234e+00
-4.250999999999999446e+00
-4.262000000000000455e+00
-4.303000000000000824e+00
-4.326999999999999957e+00
-4.300000000000000711e+00
-4.325000000000000178e+00
-4.360999999999999766e+00
-4.437999999999998835e+00
-4.457000000000000739e+00
-4.470000000000000639e+00
-4.508999999999998565e+00
-4.520999999999999019e+00
-4.608999999999999098e+00
-4.543999999999999595e+00
-4.096999999999999531e+00
-5.328000000000000291e+00
-5.439999999999999503e+00
-5.496000000000000441e+00
-5.439999999999999503e+00
-5.312000000000001165e+00
-5.945999999999999730e+00
-5.998000000000000220e+00
-6.038000000000000256e+00
-5.956000000000000405e+00
-5.919000000000000483e+00
-5.910999999999999588e+00
-5.842999999999999972e+00
-5.917000000000000703e+00
-6.010000000000000675e+00
-6.059999999999999609e+00
-6.115000000000000213e+00
-6.165000000000000924e+00
-6.147999999999999687e+00
-6.134000000000000341e+00
-6.169999999999999929e+00
-6.120999999999999552e+00
-6.230000000000000426e+00
-6.120999999999999552e+00
-6.124000000000000554e+00
-6.173000000000000043e+00
-6.112000000000000099e+00
-6.201000000000000512e+00
-6.193000000000000504e+00
-6.193999999999999950e+00
-6.221999999999999531e+00
-6.141999999999999460e+00
-6.156000000000000583e+00
-6.150000000000000355e+00
-6.115999999999999659e+00
-6.121999999999999886e+00
-6.113999999999998991e+00
-6.130000000000000782e+00
-6.122999999999999332e+00
-6.048999999999999488e+00
-6.044999999999999929e+00
-5.991999999999999993e+00
-6.016000000000000014e+00
-5.967999999999999972e+00
-6.221999999999999531e+00
-5.963999999999999524e+00
-5.947999999999998622e+00
-5.873999999999998778e+00
-5.924999999999998934e+00
-5.976999999999998536e+00
-5.929999999999999716e+00
-5.897999999999999687e+00
-5.973999999999999311e+00
-5.822000000000000952e+00
-5.689999999999999503e+00
-5.556999999999999496e+00
-5.435999999999999943e+00
-5.449999999999999289e+00
-5.422000000000000597e+00
-5.422000000000000597e+00
-5.447999999999999510e+00
-5.361999999999999211e+00
-5.391000000000000902e+00
-5.350999999999999979e+00
-5.328000000000000291e+00
-5.350000000000001421e+00
-5.313000000000000611e+00
-5.346999999999999531e+00
-5.298000000000000931e+00
-5.338000000000000966e+00
-5.294000000000000483e+00
