2.485307108736122719e-13 1.693227259644052043e-05 2.234053084548949020e+00 7.762471166286918911e-02
3.862299231942909945e-12 2.478105555810288204e-06 2.630043738801764341e+00 2.162718523727020226e-01
5.251525240220098139e-15 1.232603955243926524e-04 1.802744589405977704e+00 2.786121168629770647e-02
8.958169584009645116e-13 6.503734523565604623e-06 1.720662671694443091e+00 4.650503761666063135e-02
1.075259407034058533e-10 3.636913338656843101e-04 1.493413982187899780e+00 3.609940135864168620e-01
1.246828248496183071e-12 8.610386959542750116e-07 1.916578805337845193e+00 1.295686697517019481e-01
1.026164001893585078e-12 9.928907346916676944e-06 2.110862721090756455e+00 1.669167807211057244e-02
9.470462273469809791e-14 3.183408613044436719e-06 1.893369964366709457e+00 2.156502669060731195e-02
1.870053205146313721e-14 2.611258453821277631e-04 2.336590666791201087e+00 1.673978978860471978e-01
3.686642593710611313e-11 5.547248663997047392e-07 1.993478319055627557e+00 4.663908268844405569e-01
