1.327950000000000053e+01
1.269387500000000024e+01
1.222454166666666353e+01
1.158158333333333445e+01
1.224287499999999973e+01
1.218299999999999983e+01
1.200404166666666761e+01
1.187720833333333381e+01
1.175179166666666752e+01
1.173887500000000017e+01
1.170545833333333263e+01
1.173937500000000078e+01
1.193441666666666734e+01
1.215191666666666848e+01
1.267487500000000011e+01
1.294579166666666836e+01
1.298529166666666868e+01
1.311287500000000072e+01
1.312937499999999957e+01
1.306258333333333432e+01
1.207779166666666626e+01
1.221149999999999913e+01
1.275912499999999916e+01
1.318249999999999922e+01
1.338641666666666730e+01
1.346866666666666745e+01
1.349154166666666832e+01
1.342570833333333269e+01
1.325879166666666364e+01
1.300791666666666835e+01
1.276666666666666572e+01
1.256079166666666858e+01
1.255491666666666717e+01
1.235437499999999922e+01
1.246670833333333128e+01
1.251791666666666636e+01
1.241999999999999993e+01
1.247283333333333388e+01
1.282716666666666860e+01
1.267599999999999838e+01
1.239649999999999963e+01
1.230654166666666782e+01
1.249929166666666625e+01
1.241429166666666717e+01
1.250512499999999960e+01
1.246279166666666782e+01
1.189616666666666589e+01
1.302708333333333357e+01
1.419037499999999952e+01
1.414820833333333283e+01
1.427125000000000021e+01
1.438587500000000041e+01
1.444612500000000033e+01
1.447475000000000023e+01
1.416566666666666841e+01
1.374587499999999984e+01
1.360249999999999915e+01
1.314570833333333155e+01
1.285087499999999849e+01
1.298354166666666742e+01
1.307420833333333121e+01
1.336262499999999953e+01
1.412966666666666882e+01
1.416516666666666779e+01
1.458733333333333171e+01
1.452829166666666794e+01
1.526908333333333267e+01
1.511470833333333630e+01
1.505629166666666485e+01
1.510350000000000037e+01
1.511029166666666868e+01
1.545770833333333272e+01
1.553279166666666455e+01
1.570950000000000024e+01
1.550554166666666767e+01
1.568916666666666870e+01
1.587979166666666764e+01
1.580733333333333235e+01
1.595316666666666627e+01
1.680675000000000097e+01
1.709666666666666401e+01
1.719904166666666612e+01
1.743425000000000225e+01
1.759962499999999963e+01
1.667064285714285532e+01
1.644600000000000151e+01
1.573579166666666573e+01
1.490233333333333654e+01
1.375141666666666573e+01
1.248266666666666858e+01
1.150691666666666713e+01
1.053345833333333559e+01
9.823583333333331780e+00
1.043337499999999984e+01
8.592958333333331922e+00
7.801500000000001656e+00
7.045208333333333961e+00
5.779666666666666508e+00
4.931500000000000661e+00
4.650083333333333790e+00
3.555708333333334359e+00
2.550208333333334743e+00
1.991625000000000867e+00
1.782541666666666913e+00
2.595124999999999460e+00
2.215499999999998693e+00
1.566708333333332703e+00
8.945833333333332860e-01
2.257916666666668071e-01
-8.912499999999920486e-02
-1.261416666666666409e+00
-1.916458333333333597e+00
-2.371333333333332849e+00
-2.773333333333334316e+00
-2.758500000000000174e+00
-3.101833333333332998e+00
-3.575765957446808141e+00
-4.101885416666666728e+00
-4.861322916666667382e+00
-5.043666666666665854e+00
-4.706260416666666835e+00
-2.378541666666665222e+00
-2.048770833333333208e+00
1.064552083333333066e+00
6.783531250000000234e+00
7.526010416666667702e+00
8.014916666666668021e+00
9.372375000000001677e+00
1.017857291666666875e+01
1.084533333333333260e+01
1.126656249999999915e+01
1.184159374999999947e+01
1.233980208333333195e+01
1.324200000000000088e+01
1.396954166666666453e+01
1.430519791666666762e+01
1.497113541666666592e+01
1.547273958333333255e+01
1.582837499999999942e+01
1.567803125000000009e+01
1.529916666666666814e+01
1.505369791666666401e+01
1.468756250000000207e+01
1.428855208333333238e+01
1.386923958333333573e+01
1.378309375000000081e+01
1.412424999999999997e+01
1.467431249999999920e+01
1.385761458333333351e+01
1.381484374999999787e+01
1.373412500000000236e+01
1.359533333333333438e+01
1.355910416666666762e+01
1.348755208333333400e+01
1.358679166666666838e+01
1.372076041666666768e+01
1.397593750000000057e+01
1.416677083333333087e+01
1.437378125000000395e+01
1.449093749999999936e+01
1.453657291666666751e+01
1.433957291666666833e+01
1.667499999999999982e+00
1.752916666666666901e+00
1.964166666666666838e+00
1.935083333333333266e+00
3.441124999999999545e+00
3.905041666666666078e+00
4.036083333333333023e+00
4.149208333333334053e+00
4.227041666666666586e+00
4.268083333333333229e+00
4.301166666666666138e+00
4.621833333333333904e+00
5.182583333333333542e+00
4.992708333333332860e+00
5.008791666666666309e+00
4.998208333333333364e+00
5.027458333333333584e+00
5.058708333333333584e+00
5.121958333333332725e+00
5.084208333333333663e+00
4.622374999999999901e+00
4.518166666666666664e+00
4.916291666666666060e+00
5.252583333333333826e+00
5.433041666666666103e+00
5.487916666666666998e+00
5.434708333333333030e+00
5.426666666666666750e+00
5.298291666666666622e+00
5.107874999999999943e+00
4.752291666666666359e+00
4.587958333333332916e+00
4.625416666666667176e+00
4.513125000000000497e+00
4.632041666666665947e+00
4.619833333333333236e+00
4.640291666666667147e+00
4.789083333333334025e+00
5.019375000000000142e+00
5.036374999999999602e+00
5.089249999999999829e+00
5.165833333333333499e+00
5.221375000000000099e+00
5.271708333333332774e+00
5.402416666666667311e+00
5.264499999999999957e+00
4.371958333333333613e+00
5.612541666666666984e+00
6.874624999999999986e+00
6.462250000000000050e+00
6.232874999999999943e+00
6.151083333333333236e+00
6.161083333333333023e+00
6.169000000000000483e+00
6.058791666666667020e+00
5.892250000000000654e+00
5.870499999999999829e+00
5.825291666666666757e+00
5.844124999999999126e+00
5.949374999999999858e+00
6.065666666666666984e+00
5.958291666666666764e+00
6.073666666666666103e+00
5.958958333333333357e+00
6.045416666666666217e+00
5.999583333333333712e+00
6.551791666666666458e+00
6.544500000000000206e+00
6.592750000000000554e+00
6.615041666666666487e+00
6.774083333333333456e+00
7.061666666666666536e+00
7.121250000000000746e+00
7.274916666666666920e+00
6.909708333333332675e+00
7.073958333333332682e+00
7.224958333333333371e+00
7.266583333333333172e+00
7.400749999999998607e+00
7.912916666666666821e+00
8.028583333333333627e+00
8.004166666666666430e+00
8.197083333333331723e+00
8.271000000000000796e+00
7.591357142857142470e+00
7.260583333333334721e+00
6.533791666666668441e+00
5.758375000000000021e+00
4.805791666666667794e+00
3.724416666666667375e+00
2.914791666666666892e+00
2.030458333333332810e+00
1.422333333333333449e+00
1.799083333333333368e+00
2.670416666666656780e-01
-5.068333333333328028e-01
-1.099499999999999922e+00
-2.291291666666667837e+00
-2.833583333333333343e+00
-2.992208333333333137e+00
-3.622083333333332877e+00
-4.576833333333333087e+00
-4.991791666666666849e+00
-5.088458333333332639e+00
-4.542083333333334139e+00
-4.596750000000000114e+00
-5.259875000000000078e+00
-5.644750000000000156e+00
-6.014624999999999666e+00
-6.218124999999999680e+00
-7.136499999999999844e+00
-7.122833333333333350e+00
-7.279416666666666202e+00
-7.498750000000001137e+00
-7.736583333333332924e+00
-7.879749999999999588e+00
-8.500808510638297122e+00
-8.690500000000000114e+00
-9.266187499999999133e+00
-9.420739583333331169e+00
-9.295968750000000114e+00
-8.832572916666665108e+00
-8.101656250000001336e+00
-5.456906250000000291e+00
-1.995729166666664056e-01
2.559791666666665910e-01
3.752291666666667247e-01
7.635624999999999218e-01
1.251468749999999686e+00
1.890302083333334382e+00
2.047593749999999879e+00
2.384052083333333627e+00
2.200531250000000938e+00
3.111270833333333208e+00
3.542354166666666693e+00
3.943843750000000981e+00
4.361760416666666806e+00
4.773677083333332405e+00
5.064520833333333805e+00
4.865322916666666053e+00
4.660416666666667318e+00
4.405468749999998934e+00
3.878812499999999996e+00
3.626052083333333620e+00
3.386322916666666849e+00
3.315802083333333705e+00
3.289322916666665098e+00
3.390041666666665954e+00
2.134854166666666053e+00
2.199479166666666430e+00
1.992864583333334494e+00
1.537156250000000890e+00
9.167395833333343846e-01
7.572187499999998295e-01
1.035666666666666735e+00
1.333260416666667503e+00
1.771447916666666345e+00
2.135510416666666522e+00
2.368364583333334217e+00
2.557604166666666679e+00
2.726364583333334757e+00
2.728843749999999790e+00
-3.778333333333331878e-01
1.123750000000000027e-01
6.142083333333332451e-01
-3.228125000000000355e+00
-5.700875000000001691e+00
-4.940750000000001307e+00
-4.509916666666667240e+00
-3.996791666666666298e+00
-3.576666666666667105e+00
-3.231791666666667062e+00
-3.044791666666668117e+00
-5.888666666666667382e+00
-5.767208333333334380e+00
-5.621666666666667034e+00
-5.359291666666668341e+00
-5.051291666666665847e+00
-4.989708333333335410e+00
-4.645041666666665847e+00
-4.248250000000000526e+00
-5.132291666666665364e+00
-6.142625000000000668e+00
-5.813083333333333158e+00
-5.361291666666666345e+00
-5.087458333333333194e+00
-4.729750000000001009e+00
-4.400750000000000384e+00
-4.058583333333332988e+00
-3.634083333333332888e+00
-3.252958333333333840e+00
-2.819791666666666252e+00
-2.512791666666666757e+00
-2.126000000000000334e+00
-1.611208333333332909e+00
-1.438875000000000348e+00
-1.339708333333333279e+00
-1.448708333333333265e+00
-1.170291666666666508e+00
-1.103999999999999648e+00
-1.065874999999999684e+00
-1.029416666666666647e+00
-1.053500000000000103e+00
-9.915833333333331501e-01
-1.105833333333333446e+00
-1.412875000000000103e+00
-1.217333333333332934e+00
-1.159124999999999961e+00
-2.327583333333333115e+00
-1.777083333333333570e+00
1.872999999999999998e+00
1.420666666666666744e+00
1.169000000000000483e+00
1.180458333333333165e+00
1.198583333333333556e+00
1.320916666666666739e+00
1.255791666666666639e+00
1.176583333333333092e+00
1.138500000000000068e+00
1.150666666666666726e+00
1.068249999999999700e+00
1.139708333333333545e+00
1.233000000000000096e+00
-1.412500000000000977e-01
-6.012499999999990075e-02
5.241666666666650043e-02
5.868750000000000355e-01
-2.369583333333332986e-01
1.002041666666666719e+00
1.129625000000000101e+00
1.378041666666666831e+00
1.599333333333333051e+00
1.746499999999999497e+00
1.937999999999999945e+00
1.833250000000000046e+00
1.339041666666666908e+00
1.335541666666666627e+00
2.724000000000000199e+00
3.215333333333333155e+00
3.235958333333333048e+00
3.198374999999999968e+00
3.402000000000000135e+00
3.681916666666666504e+00
3.820666666666666877e+00
3.919916666666666938e+00
3.857000000000000206e+00
1.869428571428571662e+00
1.465291666666666881e+00
8.178750000000001297e-01
5.858333333333339693e-02
-8.464583333333333126e-01
-1.797333333333333449e+00
-2.526250000000000107e+00
-3.260250000000000536e+00
-3.812374999999999847e+00
-5.215916666666665868e+00
-7.218500000000000583e+00
-7.613541666666666430e+00
-7.899916666666666920e+00
-8.373583333333334267e+00
-8.391041666666666288e+00
-8.369708333333333528e+00
-8.428166666666665918e+00
-8.591666666666665009e+00
-8.651208333333332945e+00
-8.647541666666665350e+00
-1.112250000000000050e+01
-1.492241666666666866e+01
-1.479533333333333189e+01
-1.366791666666666849e+01
-1.281745833333333628e+01
-1.243616666666666859e+01
-1.227616666666666845e+01
-1.219604166666666778e+01
-1.214620833333333394e+01
-1.211683333333333401e+01
-1.212254166666666855e+01
-1.223983333333333157e+01
-1.227142553191489149e+01
-1.234870833333333628e+01
-1.223960416666666795e+01
-1.248972916666666855e+01
-1.407832291666666791e+01
-2.071364583333333087e+01
-2.022218750000000043e+01
-1.648076041666666924e+01
-1.004245833333333415e+01
-1.048742708333333162e+01
-1.083382291666666575e+01
-1.042577083333333654e+01
-1.072213541666666714e+01
-1.025871874999999989e+01
-9.502781250000001734e+00
-9.016999999999999460e+00
-1.193994791666666799e+01
-1.124881249999999966e+01
-1.066833333333333123e+01
-1.033628125000000075e+01
-1.024495833333333117e+01
-1.038643749999999955e+01
-1.066485416666666808e+01
-1.108979166666666849e+01
-1.149723958333333229e+01
-1.181616666666666760e+01
-1.208292708333333643e+01
-1.219291666666666885e+01
-1.227268749999999997e+01
-1.240358333333333363e+01
-1.223762499999999953e+01
-1.091846875000000061e+01
-1.156118750000000084e+01
-1.068258333333333354e+01
-1.055198958333333259e+01
-1.092336458333333127e+01
-1.115230208333333195e+01
-1.129785416666666720e+01
-1.162617708333333155e+01
-1.186713541666666849e+01
-1.197333333333333272e+01
-1.169420833333333398e+01
-1.094953124999999972e+01
-1.011904166666666605e+01
-9.409718749999999687e+00
-8.854822916666666544e+00
