0
13.2795
12.693875
12.224541666666665
11.581583333333334
12.242875
12.183
12.004041666666668
11.877208333333334
11.751791666666668
11.738875
11.705458333333333
11.739374999999999
11.934416666666667
12.151916666666668
12.674875
12.945791666666667
12.985291666666667
13.112875
13.129375
13.062583333333334
12.077791666666666
12.2115
12.759125000000001
13.182500000000001
13.386416666666667
13.468666666666667
13.491541666666667
13.425708333333333
13.258791666666665
13.007916666666667
12.766666666666666
12.560791666666667
12.554916666666667
12.354375
12.466708333333333
12.517916666666666
12.42
12.472833333333334
12.827166666666669
12.675999999999998
12.3965
12.306541666666668
12.499291666666666
12.414291666666667
12.505125000000001
12.462791666666668
11.896166666666666
13.027083333333334
14.190375
14.148208333333333
14.27125
14.385874999999999
14.446125
14.47475
14.165666666666667
13.745875
13.6025
13.145708333333332
12.850874999999998
12.983541666666667
13.074208333333333
13.362625
14.129666666666667
14.165166666666668
14.587333333333333
14.528291666666668
15.269083333333333
15.114708333333335
15.056291666666665
15.1035
15.110291666666667
15.457708333333331
15.532791666666665
15.7095
15.505541666666668
15.689166666666667
15.879791666666668
15.807333333333332
15.953166666666666
16.80675
17.096666666666664
17.199041666666666
17.434250000000002
17.599625
16.670642857142855
16.446
15.735791666666666
14.902333333333335
13.751416666666666
12.482666666666667
11.506916666666667
10.533458333333336
9.823583333333332
10.433375
8.592958333333332
7.801500000000002
7.045208333333334
5.7796666666666665
4.931500000000001
4.650083333333334
3.5557083333333344
2.5502083333333347
1.9916250000000009
1.782541666666667
2.5951249999999995
2.2154999999999987
1.5667083333333327
0.8945833333333333
0.22579166666666683
-0.08912499999999923
-1.2614166666666664
-1.9164583333333338
-2.371333333333333
-2.7733333333333343
-2.7585
-3.101833333333333
-3.575765957446808
-4.101885416666667
-4.861322916666667
-5.043666666666666
-4.706260416666667
-2.378541666666665
-2.048770833333333
1.064552083333333
6.78353125
7.526010416666668
8.014916666666668
9.372375000000002
10.178572916666669
10.845333333333333
11.2665625
11.841593750000001
12.339802083333332
13.242
13.969541666666665
14.305197916666668
14.971135416666666
15.472739583333333
15.828375000000001
15.67803125
15.299166666666668
15.053697916666664
14.687562500000002
14.288552083333332
13.869239583333336
13.783093749999999
14.12425
14.6743125
13.857614583333334
13.814843749999998
13.734125000000002
13.595333333333334
13.559104166666668
13.487552083333334
13.586791666666667
13.720760416666668
13.9759375
14.16677083333333
14.373781250000004
14.490937500000001
14.536572916666668
14.339572916666668
14.247343750000002
13.983406250000002
12.8733125
12.140489583333334
11.11596875
10.416999999999998
9.973375
8.456343749999998
7.3351145833333335
6.44221875
5.863250000000001
5.500489583333333
4.7444895833333325
4.4504166666666665
3.794833333333332
3.1094791666666675
2.672489583333335
2.1677395833333337
2.155333333333334
2.3735312499999983
1.9020208333333333
1.766604166666668
1.3899062499999992
1.9580208333333342
2.0808333333333326
3.5434791666666676
7.55675
9.001489583333333
9.493416666666665
10.142031249999999
10.614427083333334
10.970645833333332
11.091041666666666
11.088697916666666
11.330729166666668
11.37671875
11.328375
10.816281250000001
10.383260416666666
10.285104166666667
10.312729166666667
10.312322916666666
10.433114583333333
10.457843749999999
10.147145833333333
9.899958333333334
9.71228125
9.655041666666667
9.54725
9.440197916666667
9.346979166666667
9.316322916666667
9.335010416666668
9.530083333333334
9.573479166666667
9.489687499999999
9.448114583333332
9.419270833333334
9.481802083333333
9.643531250000002
10.1781875
10.799177083333333
10.843958333333333
10.526739583333331
10.529343750000002
10.843885416666666
11.077552083333332
11.204708333333334
11.339770833333333
11.264695652173913
