0
1.6675
1.7529166666666667
1.9641666666666668
1.9350833333333333
3.4411249999999995
3.905041666666666
4.036083333333333
4.149208333333334
4.227041666666667
4.268083333333333
4.301166666666666
4.621833333333334
5.1825833333333335
4.992708333333333
5.008791666666666
4.998208333333333
5.027458333333334
5.058708333333334
5.121958333333333
5.084208333333334
4.622375
4.518166666666667
4.916291666666666
5.252583333333334
5.433041666666666
5.487916666666667
5.434708333333333
5.426666666666667
5.298291666666667
5.107875
4.752291666666666
4.587958333333333
4.625416666666667
4.5131250000000005
4.632041666666666
4.619833333333333
4.640291666666667
4.789083333333334
5.019375
5.036375
5.08925
5.1658333333333335
5.221375
5.271708333333333
5.402416666666667
5.2645
4.371958333333334
5.612541666666667
6.874625
6.46225
6.232875
6.151083333333333
6.161083333333333
6.1690000000000005
6.058791666666667
5.892250000000001
5.8705
5.825291666666667
5.844124999999999
5.949375
6.065666666666667
5.958291666666667
6.073666666666666
5.958958333333333
6.045416666666666
5.999583333333334
6.5517916666666665
6.5445
6.5927500000000006
6.6150416666666665
6.7740833333333335
7.0616666666666665
7.121250000000001
7.274916666666667
6.909708333333333
7.073958333333333
7.224958333333333
7.266583333333333
7.4007499999999995
7.912916666666667
8.028583333333334
8.004166666666666
8.197083333333332
8.271
7.5913571428571425
7.260583333333335
6.5337916666666676
5.758375
4.805791666666668
3.7244166666666674
2.914791666666667
2.030458333333333
1.4223333333333334
1.7990833333333334
0.26704166666666573
-0.5068333333333328
-1.0995
-2.291291666666668
-2.8335833333333333
-2.992208333333333
-3.6220833333333333
-4.576833333333333
-4.991791666666667
-5.088458333333333
-4.542083333333334
-4.59675
-5.259875
-5.64475
-6.014625
-6.218125
-7.1365
-7.122833333333333
-7.279416666666666
-7.498750000000001
-7.736583333333333
-7.87975
-8.500808510638297
-8.6905
-9.266187500000001
-9.420739583333333
-9.29596875
-8.832572916666665
-8.101656250000001
-5.45690625
-0.19957291666666643
0.25597916666666665
0.3752291666666667
0.7635624999999999
1.2514687499999995
1.8903020833333342
2.04759375
2.3840520833333336
2.200531250000001
3.111270833333333
3.5423541666666667
3.943843750000001
4.361760416666667
4.773677083333332
5.064520833333334
4.865322916666666
4.660416666666667
4.405468749999999
3.8788125000000004
3.6260520833333336
3.386322916666667
3.3158020833333337
3.2893229166666655
3.390041666666666
2.134854166666666
2.1994791666666664
1.9928645833333345
1.5371562500000007
0.9167395833333343
0.7572187499999998
1.0356666666666667
1.3332604166666675
1.7714479166666663
2.1355104166666665
2.368364583333334
2.5576041666666667
2.7263645833333348
2.7288437500000002
2.6755729166666677
2.4654895833333343
1.5618229166666664
0.7944374999999999
0.08080208333333339
-0.2648229166666667
-0.8778750000000004
-2.3368124999999997
-3.857541666666667
-4.674229166666667
-4.899760416666666
-4.939791666666666
-5.364666666666667
-5.5014062500000005
-5.867458333333333
-6.474197916666666
-7.012677083333332
-7.775
-8.136666666666667
-8.351145833333334
-8.67096875
-8.800291666666666
-9.0459375
-8.773968750000002
-8.516604166666667
-6.985572916666666
-3.499260416666667
-1.755916666666666
-1.3975520833333333
-1.185635416666667
-0.9259687499999996
-0.7610312499999998
-0.6916354166666667
-0.7364166666666665
-0.5984687500000003
-0.5319583333333329
-0.39671875000000023
-0.5888437500000001
-1.2042604166666666
-1.7559687499999996
-2.4002812500000004
-2.5027187500000005
-2.22975
-2.052677083333333
-2.5887083333333334
-4.169208333333334
-5.390802083333333
-6.331447916666667
-6.788666666666666
-6.163437500000001
-5.194572916666667
-4.5605
-3.8375208333333335
-3.2073645833333333
-3.3193333333333337
-3.712177083333333
-3.6139479166666666
-3.4137812500000004
-3.31559375
-3.23603125
0.6888437499999998
0.6379062499999999
0.018406249999999957
-0.7086979166666667
-1.3041562500000001
-1.7420729166666669
-2.60921875
-3.690864583333333
-3.935625
-4.183369565217391
