0
-0.37783333333333324
0.112375
0.6142083333333332
-3.2281250000000004
-5.700875000000002
-4.940750000000001
-4.509916666666667
-3.9967916666666667
-3.576666666666667
-3.231791666666667
-3.0447916666666677
-5.888666666666667
-5.767208333333334
-5.621666666666667
-5.3592916666666675
-5.051291666666666
-4.9897083333333345
-4.645041666666666
-4.2482500000000005
-5.132291666666665
-6.142625000000001
-5.813083333333333
-5.361291666666666
-5.087458333333333
-4.729750000000001
-4.40075
-4.058583333333333
-3.634083333333333
-3.252958333333334
-2.8197916666666663
-2.5127916666666668
-2.1260000000000003
-1.611208333333333
-1.4388750000000003
-1.3397083333333333
-1.4487083333333333
-1.1702916666666665
-1.1039999999999996
-1.0658749999999997
-1.0294166666666666
-1.0535
-0.9915833333333333
-1.1058333333333334
-1.412875
-1.217333333333333
-1.159125
-2.327583333333333
-1.7770833333333336
1.8729999999999996
1.4206666666666667
1.1690000000000003
1.1804583333333332
1.1985833333333336
1.3209166666666667
1.2557916666666666
1.1765833333333333
1.1385
1.1506666666666667
1.0682499999999997
1.1397083333333335
1.233
-0.1412500000000001
-0.060124999999999984
0.052416666666666556
0.586875
-0.23695833333333333
1.0020416666666667
1.1296249999999999
1.3780416666666668
1.599333333333333
1.7464999999999997
1.9380000000000002
1.83325
1.3390416666666667
1.3355416666666666
2.7239999999999998
3.215333333333333
3.235958333333333
3.198375
3.402
3.6819166666666665
3.820666666666667
3.919916666666667
3.857
1.8694285714285714
1.4652916666666669
0.8178750000000001
0.05858333333333343
-0.8464583333333333
-1.7973333333333334
-2.52625
-3.2602500000000005
-3.8123750000000003
-5.215916666666666
-7.218500000000001
-7.613541666666666
-7.899916666666667
-8.373583333333334
-8.391041666666666
-8.369708333333334
-8.428166666666666
-8.591666666666665
-8.651208333333333
-8.647541666666665
-11.1225
-14.922416666666667
-14.795333333333332
-13.667916666666667
-12.817458333333335
-12.436166666666667
-12.276166666666668
-12.196041666666668
-12.146208333333334
-12.116833333333334
-12.122541666666667
-12.239833333333333
-12.271425531914893
-12.348708333333335
-12.239604166666668
-12.489729166666667
-14.078322916666668
-20.71364583333333
-20.2221875
-16.48076041666667
-10.042458333333334
-10.487427083333333
-10.833822916666666
-10.425770833333335
-10.722135416666667
-10.25871875
-9.502781250000002
-9.017
-11.939947916666668
-11.2488125
-10.668333333333333
-10.336281249999999
-10.244958333333333
-10.3864375
-10.664854166666668
-11.089791666666667
-11.497239583333332
-11.816166666666668
-12.082927083333335
-12.192916666666669
-12.2726875
-12.403583333333334
-12.237625000000001
-10.91846875
-11.561187499999999
-10.682583333333334
-10.551989583333333
-10.923364583333333
-11.152302083333332
-11.297854166666667
-11.626177083333332
-11.867135416666667
-11.973333333333333
-11.694208333333334
-10.94953125
-10.119041666666666
-9.40971875
-8.854822916666667
-8.585666666666667
-7.974822916666666
-7.455677083333334
-7.308958333333333
-7.107354166666667
-7.0506875
-7.0615625
-6.768854166666666
-6.688416666666667
-6.59621875
-6.4774375
-6.316010416666666
-5.991145833333333
-6.104885416666667
-6.02628125
-6.043864583333333
-5.994645833333332
-6.070010416666666
-6.366937500000001
-6.655479166666668
-7.642104166666667
-9.267187499999999
-9.456979166666667
-17.37651041666667
-16.896708333333333
-14.18340625
-8.955958333333335
-7.172708333333333
-6.6550625
-6.1616875
-5.72015625
-5.45865625
-5.386114583333334
-5.373187499999999
-5.382864583333333
-5.559385416666666
-5.6846250000000005
-6.17465625
-6.4300625
-6.319552083333333
-6.577406250000001
-6.6673125
-6.662791666666666
-6.79746875
-7.16934375
-7.0110624999999995
-7.010354166666667
-6.87478125
-6.830520833333333
-7.085427083333334
-7.317104166666667
-7.526916666666667
-7.676958333333333
-7.758989583333333
-7.623177083333333
-7.654781249999999
-7.474395833333333
-7.461708333333334
-7.302010416666667
-7.316083333333333
-7.345968750000001
-7.1130625
-6.890072916666667
-6.984697916666667
-6.890739583333334
-6.7368854166666665
-6.774072916666666
-6.828666666666667
-6.5694375
-6.460173913043477
