-1.373000000000000220e+00
-1.373000000000000220e+00
-1.338651987299174451e+00
-1.419756031188559531e+00
-1.494222846388399972e+00
-1.545354759781051301e+00
-1.587032660379148252e+00
-1.627474584090355947e+00
-1.662170606793314631e+00
-1.694105778501524995e+00
-1.723846581709407078e+00
-1.751507491318554210e+00
-1.776991332022952674e+00
-1.802080682551557844e+00
-1.824752899339391332e+00
-1.847265010024654153e+00
-1.864408749264409915e+00
-1.868652250960084471e+00
-1.879896825672442873e+00
-1.893608780822959359e+00
-1.907462336184259755e+00
-1.919820672854655852e+00
-1.932618964796973593e+00
-1.944785418396963950e+00
-1.954612910851544649e+00
-1.965160333709897955e+00
-1.975010512052491007e+00
-1.984436160417461403e+00
-1.992676650574029873e+00
-1.999695725979981908e+00
-2.007479011654707879e+00
-2.014604871209138004e+00
-2.020168251816655935e+00
-2.014329433201978325e+00
-2.001951082927587056e+00
-1.995404956429175813e+00
-2.159486388700344595e+00
-2.166429623285909489e+00
-2.134819565780059047e+00
-1.903154339069963896e+00
-1.624819420474664433e+00
-1.666111711489232539e+00
-1.695399072575093813e+00
-1.714934943752568275e+00
-1.707592119417731702e+00
-1.719653736536089772e+00
-1.733657527988419433e+00
-1.743896608872127496e+00
-1.752430974042755940e+00
-1.757603846353801735e+00
-1.763923072405654269e+00
-1.774238643943738092e+00
-1.787643278634673871e+00
-1.803512720543575254e+00
-1.825883772009602835e+00
-1.851405650116330515e+00
-1.876572657753313500e+00
-1.899531984346420899e+00
-1.917721098614718622e+00
-1.910708763976870506e+00
-1.891033378077286109e+00
-1.875700514580648681e+00
-1.869617113617260129e+00
-1.874580376980787833e+00
-1.893067045600668408e+00
-1.911359263071003900e+00
-1.927883421523408636e+00
-1.945338866567490221e+00
-1.963057667328158784e+00
-1.978181786193559111e+00
-1.994192284257126913e+00
-2.008159342912884338e+00
-2.019476218720413829e+00
-2.028806751045488799e+00
-2.036270697860464551e+00
-2.040746284474237005e+00
-2.047125677622250617e+00
-2.053736899071469058e+00
-2.057216742439447632e+00
-2.060527793255442663e+00
-2.064619879180768169e+00
-2.070854543759711230e+00
-2.075602259116656523e+00
-2.078797323488819959e+00
-2.082020066738140773e+00
-2.085539155757550667e+00
-2.090201460600070060e+00
-2.094354309324101049e+00
-2.097613540368646667e+00
-2.101824168947018734e+00
-2.104298941368500486e+00
-2.104254420908710177e+00
-2.105129323605810843e+00
-2.104427821906145635e+00
-2.107340770603600699e+00
-2.109206974929345613e+00
-2.110256171672209913e+00
-2.106402986534837041e+00
-2.093159872738819871e+00
-1.819023409436635985e+00
-1.414429530432022908e+00
-1.503717884060544518e+00
-1.574024100912817525e+00
-1.624762725854243861e+00
-1.659004999139294112e+00
-1.683555395154135548e+00
-1.701693956299576316e+00
-1.716985657974585466e+00
-1.727777885703688510e+00
-1.739548530144592320e+00
-1.752268858951132158e+00
-1.772250892851113591e+00
-1.793909643337480153e+00
-1.815136628783164285e+00
-1.834005199895322180e+00
-1.851608300775265725e+00
-1.865639727230123279e+00
-1.880550484927012489e+00
-1.893311797072891878e+00
-1.903391253303315045e+00
-1.912001074643009391e+00
-1.919518199363006383e+00
-1.925362500218033013e+00
-1.927154351309566138e+00
-1.930785780277775920e+00
-1.933944042083483028e+00
-1.936680824932550005e+00
-1.939757124320135917e+00
-1.943059242509389106e+00
-1.944198845197326220e+00
-1.945706463526895247e+00
-1.947012343977846172e+00
-1.945666383725878745e+00
-1.941825658700814250e+00
-1.936962152212633237e+00
-1.931994177839915006e+00
-1.916852870862960856e+00
-1.910530685616800284e+00
-1.906562061426213761e+00
-1.905404350202296593e+00
-1.904441273306471949e+00
-1.902768107626840122e+00
-1.900092435974820360e+00
-1.900776682718047672e+00
-1.899006956730714180e+00
-1.893417481111057343e+00
-1.885631624991678690e+00
-1.882080054183700391e+00
-1.696056080847356595e+00
-1.683912378596863491e+00
-1.704407565132473712e+00
-1.722822833249388452e+00
-1.741335112869773605e+00
-1.759028000787472790e+00
-1.764215321487176524e+00
-1.757528770513754113e+00
-1.768341726574208961e+00
-1.782114055510240158e+00
-1.793981166661040794e+00
-1.807185816108444643e+00
-1.819094176275647179e+00
-1.826940977488121343e+00
-1.822099472577300538e+00
-1.807988646885786421e+00
-1.806958646213957742e+00
-1.813993445240285496e+00
-1.827947172794597508e+00
-1.837810083562343211e+00
-1.842362464539347711e+00
-1.850442945508388171e+00
-1.857850914642114715e+00
-1.861462543240827161e+00
-1.863008132729531141e+00
-1.717008228077523624e+00
-1.676778064720474859e+00
-1.638579943033277919e+00
-1.591147375186305446e+00
-1.626260640908134825e+00
-1.647448896549757125e+00
-1.605772265976776580e+00
-1.436832100900299780e+00
-1.390972001101949296e+00
-1.420015816625033844e+00
-1.403888313080489780e+00
-1.484213825052371760e+00
-1.547222233706970984e+00
-1.593502033371655635e+00
-1.625577172182029351e+00
-1.647723818762791614e+00
-1.667305126492062639e+00
-1.681554533219823178e+00
-1.589627926341425246e+00
-1.360967189966246993e+00
-1.208427370696102843e+00
-1.337068043307529264e+00
